$ANSIBLE_VAULT;1.1;AES256
36356563303366323866623865666330356362626663336661366634363664633663626534663733
3231356237623032373934343262353931663638633936650a396539633634626465396135396462
33356336326530303666663535643139633130643761336262656133393539303066376338323436
3134646561666233340a303636393366656135313932316639643130656131326562623461643432
66613339646133323962656432393262323036633664623261376234336336356338393562306466
63663330643732643537613665633165383936383862653862643437386132336436343839316466
63346436393836366661303831636536613535636465643965643031353637306136303664646362
35386363343463313337666339346537616137623934653330666430656261323766643264336633
30653561373365323264363239646162313835313763303538336534613632623563346364306434
65666362393636363263353262326633353430396231363438616630336466303237336531373431
66333930393434386338653937373164363731343736306432656366386630646633373162323263
34623134353765356231356430613239333164303463356439363531613834306338393333313161
36333632303863663635376466313233663163633634323230633339343230356135376635343436
66666162613539393230343433313232636265623262613439323438366133656439343538363163
61656237616639313761613364656532303235376137373861383561376334333664353866306265
30323962303564653537396637643034656334343164393037313239623263616135313937643531
38336336616131663939303733373162636566643963663661343666383132626661396536643263
33633838366132383063646632343533313038623862383331343135366136623137333665666563
39653134366335323135643066313139663133366230333932646436393465303966663233393061
64636631373634326639353363343435356533313334656133626565343563336463646637303739
64643666323365666439646563623838356466613864323630303433656163316165643532666533
38353938633564303265386639313339386161633838656561353735333436316439623131343861
31313839623837356439383630306131663833663736363763393762366561373664393861306231
39316537663736656135616139623739373265653862646334386465393733323833313831303437
39303537623630333865386438393638363630633336666434643963643966653634663965613039
32383862613832326163383463353131343230386236336135383331346133363838366233316561
38333534636234623861353235636331623866303930656438366264393932343230326331323761
62393431386639393832393336653863386565666462623537323863656537356665633339376433
39376237386338363439323061313230333332396530323063393938616265313139323135643738
35633734323865636661376233376532636265303832363236616266366637666463383437373562
31663966316363333462656266313139336639393361613761306135663336376364343331363338
36353631646339303363636431306465343462313161666332626431333565613837303937353566
32346335386166633235666433656238383961396365333062333066613862383465363266623863
37653063633134356338663735623233373761303036306338623733306331333730346339396463
65393466333230626333303232613037336238316564316664316533396232306533306434396361
34366366316538393962373133393266363833366164366130626338336161633766393064326166
38313963343438386465343838333338306236353161343163336266616563623238346566376635
38383830653038663037333634633662343561336462316231616139326131326232646631396136
63353464383161386439656365383963313930336638633837356333383262313631636631633532
61646362343739393865383836316562353663353531303337303563393838643966306562623934
64336561613065663735643732363363303534363532343764393932316236376661396633306434
30373030636434633964616338383563396638643465313462383666386433376361666631373865
61623336623261393962616432663333643662353865383464306634353936363236383334393138
61383734393533346338373838333566386466663263613535313933333535373838633835376131
37643631653736663763663062626230343465646263646263636162633662623939623863656635
36663162373634303638623338376430663135363463333464313431656262633639313239353531
63363962366531343062353134373232623463393431306532336331306362396664363033303733
65663534663666386438323839376437366137626366623637326466653435633538626432643933
33376561636135323934623332303837333161646562363466626365316333636630663363323563
66666431646263306139623730393131373834613030376434343961306534333836366330386261
39353832393336353564643939303539343638646136663137653834353463653939303631343334
39393330613963393665366131383637336666626265376538323964346165663865643432303836
35323334396361363464386137613666333037373134623837613232383862396563653132356564
32383431313366343262393236323936393339303732323438383637616636313138353539383935
36386231656631353530396630316637663065313862333964613736313763363565626466376533
65623933666465386239353266363132653337393165653435386162373666373832656135616665
38613838393366323061376537333335653535373966343263646330663435326664323139636338
66333466396164373564376334303237613339383035353138363163636635306563346530396266
61306334336634616633303238306233356665383231613739333731353839656336393332373437
38633266366665663666396666303238346261373464363833363663383731353634316130333935
36383038636634626330333132353964623231306363353330633931316337623064633062323463
65636230376138653765326263666163646133333535316433373961336630396538653431623631
33613435373563393333373736633536323437336537333336653265363533313566323866316362
32653237393836373162336232363761643466353130643839306537313336373931386565643536
37353663373938656666393231336137616565636333376161623264353832353533633262666266
61333062333030313266663030666534313161363939323237666133376338613361353764306364
63366663633462633139656432653532353761613038623238623565313366313636646662646535
64316534666533663439366661326437303637336665326435663533623633326165316263323863
38353562353263383366666335393561663066366530313434393966343565353062643061303965
36333661636561666662313361353336316465663066313639316333376265323563633863636432
33363062613231666431323338396262306239393838613564313233663431343136616531616431
62623731616332363037356534636561326437383565366365623463343761633265363833653263
37633939366136343736353463616665326464353237653661303339303764643832313338363732
39616365356266663432353639626632343630376234336331393665643130393863383436306262
62373163613265643935646266626461633565323465346238313264356632633963356433393831
65636433316665396662613531343630376361333036613136336231613862353863636264333561
30666263643638336361633435633261393538653163323966376637343833386631623438643032
36383762386233616433303936323534616165303162386336343135316539613031383666636465
65623136353533323737666233346566363535656564346264656164633338656636363838373262
64613866353233653262353531313335616334633765666137646166623963633132393932303538
36623437636664366530323635613736343265393536633531316334313531616461633237363137
31626662646265666466336633356265393162653338666561373435306535323533343962366463
32316237383533363661366637333136653235353662613330663263653231376432653966353338
38393565303135646438613234303335656636393834363236663963356334623236353231363932
61313462346332623836653936663334303734333965356236386637653162353265633931373337
36343736376535386466373964323862663964333031646239613633303665663437393738663365
39646461313936376337313565656166303739366534393962333238346261376565303433306535
30663933303030376662323338373564393739653934386231356331636534386561623533373339
66666464646662373463373638316463313630313466666431326233643432633036313764386238
66356564363339636532623765633731653831336633653436366432333964336364366531336263
33306165666139333433316238376264313465383239336636343736346530613939623561653761
34376364663165316661386632363431666338656138386530363332653436313266663961363731
38306137646161333163363039316662633264313439346165333537386238633761643461303364
62656165663434623733656236333364646334316432313637316565663966316666363937336230
62666539663434363335303937336130663864303062653864306365663664653230363537313764
38336338373437396565383738323466623636326338383964353138643639303164643134363862
62313536353231373930313432353365366635623334336163376231626365303836616238306238
62373338373832386434396637306265653131383535656462616261396231376362356532366138
37383363396563646338633161663639653232373065656162303665316466383133653235316438
39396436663963623333653861626166656533633164333532626137336564643834316464343731
38623736326663313538346430666163346461393366346630303636623637396132383761356132
35363532663364303634616263636139646230653233616538376331336533343764313436393561
35646431623630646435623639326361343362663039363464643663386431636631393433336461
30386335373039356634323434653238323130613238363038396462633837646430333934323935
62346532303961363038623338633031323535633735343461336162316538353661303432643030
62396137363464306461376466326662313161663464396238316266396434353134346434313261
34343139303064323561623164393932363562663535306464653663373433333565653239643566
35353065323934316361396137343335363466653538393862323732316261303632313232373432
30316161626464313163636361643361326262343739373438333230333966636134336663613537
66336261366466636537663166626663363338303130626535333634316535653735663366326438
32396335346231326633353063393430653230356336633466386134313430323138356663373530
37656333353935376538363937643963613132623432353365623433613438666439326463633262
36653431343230616662653966656532633434363337646561396437343533303662636133343738
63356237323461303163376135633036393639613235646334303736393936613661396239316462
34333162383431626139663737363733336331336138633866336637303661343266313236343963
34623435636164346162643134623339623732326235386238333866373231316163613334653030
39306563613834353465646333666435366531616465616464633532663436393261356561653163
34633938623630626533616136353339363535313736393833646263313530383132643464643663
34633931306138306239616663623335326463363432333830623863666361656137633237386566
36343563323531373737353931383263656263343730653635363766333137613963313464313535
33373032346463393533383530646363613734353937613064316139643931613363613737383030
34333430663862326263646132656263343964636238366233396262396339616131623636383837
34633839653432353563663530313966666164343237353666313035336130666333383932633765
62303136623863613339303763373964373064616630313038393830343831656234626336323739
65653935623932326238623631373036653761363336356138333034353037303062386336373335
39666333343264633439373436386465643134373032663933356632613965303933393164643539
33383462353635353461383366383233363362653231656264353030623738396531373165623130
33343635626366623732316237616562343865633135663837623934626531383730303566316461
61643533316133343565323262666438383735323637323764666362623734373966383630373733
63646165386231336133353065303362636336303237376130393064623330636661326132623535
32376531646262353134323661333738646166643539356635393462333463336530336363323034
37303936663461373364633665646234393933653134653661316363663062353662383232366166
64383337656261313630646364316631343230663034393161646236386434316366343566626563
34383230353238313361353338373066653733633065313433656635613465383362366530363139
65333536616237393564643139666535656432323530366531363239303765663737303664313032
35303230383165623364653033656332333837303734316166623839323339323435623534643731
66393533313730323566386633323032616437336334353832366335343466626161646434663032
30633433643233313938316665656165633735393533333934316231636337333333353130373934
633561343734313736666431643335383361
