$ANSIBLE_VAULT;1.1;AES256
31396566663632653762373164333437626134393539336532643031326333613765636465323866
6162326234616331316166383236313935613261383261370a313464653166633330666538396662
33636264313465353434316231373463623836306165303437373038323934613463616661353563
6161376262393865370a616536363066376461323137613665326632623030613536373835333233
36303435363563356339636461633334656335633463363064613063633439333433303637613537
39663664326266343338393831623564633863613539393763343836623138303863336134653633
39653363333438626432616632626361613731316230633031373866613064333433393937613735
61613938626635326134666664376163363062346138386430346265356331306565306531343363
36326330353866653037383762636138653031393331306430323232353466393265333033336631
33646664656661343136303361653038316436323463643561336664653663663461346536383433
33343638656666373364323961313830333338386635333933646635383164663038366163376433
37303462663165303565613830316138656665343535666130656162646231363032653666343566
31616361623138663436383834343463636538663265326361346263316537363239666630343361
37653266666432346434343239646566393362373133323462636465366265663939303863653134
37323233316539623137326630353539326565343361313836633163386363376232363431353034
32386335376638626532306662663033646434353734373164323733633532383430636431633731
37623166313238653462393938343735633838326361316636313566623765326438613639626132
61643562376430646330346266303362303936663165653063643433313830656462316230623938
35376565383234383064326135396435383165323438643531646662313038633263666336343730
37313630656137623437313065383864616266623564356131666438343436333539646539393235
66313761333536626663356134346130626338613261333335646664363062323534663564666631
31663765373132393863663232636533343262353630376162326662383830663065633833363233
34386334633538386361346134346138333435353131343365663835666437333364393866356538
38643664363862613130316261353235323031326566363831383764383265343965346231613162
61666465373764303863346361386334626432363665353962353333303562636431303332356566
39383363386138346135306262396339336437393730343634613666663866643639656234313230
63326639343733616134396439336461383862303661393566393961326631633266343336616365
38313865346463663863663231376361663430623466323135326666393138626266643865333534
65363330656335613339303334326438616135323039663532626535653732633931393266616631
62646230366235626133316164653063616531303638353238653935633166613965643635653266
31376636646139656566623431303962323036316133353137613231383534623265663264363863
39333733303534396665333031663361316430333361393436346165366630393630366436316164
36653666356265666466326331653731376232643833613639636164303062646261323966633937
30316336613138623937636637633866636535666630653866393762663733633738376536626636
34373362383431366638656432393839633063623464653033616463663634386139353136363732
34316238313035356434663033343135663133646565316439623265303165323061303866643133
65396134366138323434663336373635666338363536633164623836333332643031353761663235
64333132393338366538643632333566613766383539653162386136343631393538393366656563
63353939653232303366653663643664373730373937643739373961303364336338393032623030
30393339633233363032313939663839626136373261313039363462633334626365643764373663
38636334623665323463313739663036313537616566313466636665343333316138326532623161
36646330356463343361393434636566306234313430323532303666653031396339366562363164
32336530343765326533363066346466646338326363613736333362346231363834346362626231
34643531653134343665303232393962346165616436343861653736366463326130343366333532
33636230323431613766616362396431363862363830633339353664323463363537336439643061
64326136366563666533646264346661616332363763396162396339613731373563626363363438
61633761643962663230616561353632633131616231383730346233643437363035643439623866
61353134326537643863363034366133646364656638353939633364323762656136366236636235
35313062613836396663643433666461646161663364613563646562383361393064373664653438
66393937303565343264613630656665303131303935663863363133623661333739653231313239
35636630363465333130376430633531356461373931313338353932336632636132663261323636
36643237393161613562396162353966666233663530353033323565646166316135353139343839
65353266626338386634373861656139353966343235613834303837623065626536333562333434
63633038343139373331376432353766303363653836366466383732303839623461396164376635
31353832623535366635666635393932353063386265623166616165356464386437613638373337
32326530343733386232303161366537353634623835336631623232323537313637663636616336
61633038626364376231386135396665613631343563383631316464666634666438363062323137
33386631393133353239313133626638623737613437366337316438303837306665383562386438
62633364623532613331353332613833643333316230336239613836303035353633343161356666
33363063313033663765326537343863326533346433623461636535633935343965653661646464
62643362303561646266326438373837323364623532333735616533393861653465333337363263
30373337303766333330633466316437656534316265643238653832353033393665663330306432
30396138646239356639313939323862306563323534613332326637643430346237366664643437
33336637363635323433333435393863313438383331643835326233616536386133666131306431
32323331656131633537336462623331386465353137653036313731646134656565616633646262
65343466323830346238656233356664396236383662636364343838346531386531653233636530
33356562366366333338663330356136363965393533396639633335663765376638613162653161
64333764343336643232656561623234373932316561393138633234396363626233316139353663
33383463303563616562633763366533623630306564643865636434343433353735613237333732
32393561643562613530613930623031656432303730623230383164363139633863636463613030
63326237373963646662363838353731343139386137383262653639306266313530633435633161
65633063373662613834623938663936383939666437383264313330343765343638316564623835
65303761613636623566346436313031376237363230313039356437626431353838623431653933
32306561313034646138333936326263366666303464303165383265663732643637633362633934
62653765393637323330636538373735613834633962303732643139613939343932373466616132
39636164313761653633633535373833616363353633323138666636626163303230303566356464
66323336616438303532333964363836393034333632333361613366656666386164353138666439
32326130633834663335666530343834396335613636306635386533363537343062646562303966
38323537393937393565656336326533383731633936363361353436633864383962396137613932
30656230393365366663643963346537303861353632616464393832636133623935623535633139
61656662393762353064376261646666356135656436356566373265396238306566306164353733
65616666643638656434356536333563326161303538623831666230643334326338353534363736
35623230393633346430343065363736666431323738376232323938386366613736303437643233
66613830303132653530623866643366633162643062663234663238343562323333386438623835
39363738626166366636336161373730393638333661643561376164316262356331383466643833
31306634326665326561306665643064306533656432363563653663343832386565373333653763
32393938373935303239633733356663656232393462316462633338623739396633356265633131
63646134646135383834326238343737623538353633383738613038373464633965623637396231
61366239303966383237373338323635663661303733613866386461346262333536303864353061
33343561366463376661376435613835303262306462333663613137653731333863383762333535
62373533636136336332326437316663313332363664346464346664376231343334356166653665
33383464633261383333623633306436356539393137656433613662346565303266616434366365
62343337323563383964356666623463373339623966303364396438663237373730316363323535
30336666363366353262396535346536353164346664356362666165343938356161353639373437
65353562373139393465343031653363346231336162323732303632396637333663393330633632
66623938373462356438623963316562346630333666303635316630343438303661313031343364
34323732663331616363323533343339663730376466363734613035653266396562363763333635
37653965376463396661396264666639336430666163636633366538656161363430663061346564
38626563386133383362316531343164326135613934383761613836303831646232653165313237
39636439376639373739303761316565326530333635386336356636386431313339663563376636
31633831613263356439323931396230663635313965393364376563356566373832616661616565
38376639393836316133373735666534376638373961646230343665653131366464336630636565
31376464383366343136343637613034356139383864386262333464356133306632666330366635
37633761633539616561356262383532376163643739373964666561386639643763653230303131
64373334303337373065336161616237363035346531316361616337303064363033613730343263
63343164383561373133623364633939613135626538333561353531373032613234643465373233
66613134343334333139356136303666383362303862353236396132376336333334303966616363
37666433303266356635613337656539373864646139333831363637393735336430613866613063
36393261613036653731633739306431303932663065366461336235366262633963306138373734
32656130316437373039343762363964646533393839353964643234383638343435353564373462
37613034643166623932396133343932346432636531663862363536323933303564323033613235
34653461383634633738353065376237666563643237373732623765303739643236343336663562
38393536613132616437333665396139616563343432303666623266313132653163623835383538
66656664646637633139613037323762373062353132316363646130616265363837623738363236
64643937333961643637366262316335306361316635633435643433616538346237346639396339
39343536663565336335663963656666383162363936326131663735366337356330316265323832
37653661336661363766306561386330343136356430363434663764353433646534653838643838
35366563363332393631623135323238383638383731653838353561626163663061373033653337
32396530363136393365336564366333363433396362623137366534366561346362643962366364
64383562383561346466303136663438306562323661303131396464663562303762656262616363
35363530343537613566363562303465326335613464356265326436396437636131323163663662
64373961336338656538353437663966636165323930396431393334353839396363303636646463
64326237646631613361336562333631373430373636626339336230333832313430313333333464
65356138633633393937666364653964353636386461653538316533623537383737653337386239
61373833323939653235363537616434313061356434623631353735363639313662616233356234
31313762323766393530393038323862656231626664376333653538663332656661376338636436
34366338323638353662616462663164613639393662376261666264626162623363393036393439
30653931663234373933386263666662623130383932656433643335663266343635336230343961
38366466666137353262346333373731663837636334353234626566656364633166653031613064
65666261313535333832343664323936346335303239353737653966363538383561326537643731
64643732353533306461346262646265383530643632326538663063373230626137626234323037
38366538353033383733343564363434383232626337633962313539336161643134613031613164
66346336626637376230353337306139336564343236386132646162393537623336376361356438
34353234653263323039346136326633303031346134636664326332653836353236396265653366
33316633393433376632373336666432306232626335326339633264616332326664363036643836
64633938656432386463323564333138303232393638646230303639306433353034633038626439
37633663353266376536346565326664623138336165363939333765346632643161653165646562
62326639653031383136656661626436613931633463373635616366366533323737346264373734
313139376665333139363431653038363665
