$ANSIBLE_VAULT;1.1;AES256
65373032306363303831656464626435646166393462333738653331316165646435303233356263
3938393437373564656636666662383235303062333035650a353739653035326437353034373739
31383835653837306339376663316435646336396338613339623438323364343738383563313938
6336633661613161350a616335616464616632613031373265623161323534653636323262323931
32313030326231303237613531653564323138663835333761646162353832376631656361313439
64396336343639363631393666633861356137636664336563303861316632393661323464333665
37313961653635363532366337646138613839386564633731313764653965336132313766656664
61376136626564646236633263633039313066653633663962626536316533366639646438333337
34323762613437666138363631303965303135383134393833646465396265303265636661613038
65383439623339653134363465663337353463383663623938303039636234366137666362653863
63333262356336313938386536663764336365393337333739613565666466663063366362663364
62323434343665363932636661373931333365316437636538363733663638613966343233323762
65633139393136663663323233633633663161376662366432656632646661333531366136383533
3931663639343364373531323463336161663366336139343633
